==================588
790
578
551
546
549
565
602
1083
984
4284
4784
4697
4749
4751
4863
8148
8182
8577
8666

==================1716
2557
2069
1758
981
845
694
689
663
1062
2577
2683
2346
2196
2051
1910
2371
2417
2386
2235
6849
7122
6778
6835
6901
6993
7325
7427
8648
8661

==================
790
1028
785
775
742
735
754
759
746
740

==================
1206
1716
1402
1362
1372
1347
2287
2050
1848
1695

==================
3519
3453
3819
3768
3467
3623
3419
3453
3695
3606
3763
3714
3796
3679
3773
3378
3415
5039
5153
5036
5686
5861
5418
5237
5041
4980
4805
1020
912
886

==================
4422
4329
4687
4634
4347
4500
4291
4315
4547
4434
4591
4531
4615
4564
4658
4254
4289
4055
5956
5889
4972
5091
4598
4431
4240
6590
6425
2570
2276
2078

